1,-1,1,-1,-1,1,1,1,0,Suspicious
-1,-1,-1,-1,-1,0,1,1,1,Legitimate
1,-1,0,0,-1,0,-1,1,0,Legitimate
1,0,1,-1,-1,0,1,1,0,Suspicious
-1,-1,1,-1,0,0,-1,1,0,Legitimate
-1,-1,1,-1,-1,1,0,-1,0,Legitimate
1,-1,0,1,-1,0,0,1,0,Phishing
1,0,1,1,0,0,0,1,1,Phishing
-1,-1,0,-1,-1,-1,-1,1,0,Suspicious
-1,0,-1,-1,1,1,0,-1,0,Legitimate
-1,-1,0,-1,-1,1,-1,-1,0,Legitimate
1,0,1,1,1,-1,1,1,0,Phishing
1,-1,0,-1,1,0,1,1,0,Legitimate
1,0,1,0,-1,1,0,-1,0,Phishing
-1,-1,-1,1,-1,0,-1,1,0,Legitimate
0,0,-1,0,0,1,1,-1,1,Legitimate
-1,0,0,0,-1,1,-1,-1,0,Legitimate
1,1,1,-1,1,-1,1,1,0,Phishing
0,-1,-1,0,1,1,0,-1,0,Legitimate
1,-1,0,1,0,0,-1,1,0,Legitimate
0,-1,1,-1,-1,1,-1,1,0,Legitimate
1,0,-1,-1,1,1,-1,-1,0,Phishing
1,-1,0,-1,1,-1,0,1,0,Phishing
1,0,1,0,-1,0,0,1,0,Phishing
1,0,-1,0,-1,1,-1,-1,0,Phishing
-1,-1,0,-1,1,-1,0,1,0,Phishing
0,0,1,1,1,0,0,1,0,Phishing
1,0,-1,1,1,0,0,-1,0,Phishing
1,0,1,0,-1,-1,0,1,0,Phishing
-1,-1,0,0,1,1,-1,-1,0,Legitimate
1,1,0,-1,1,1,0,-1,0,Phishing
1,1,1,-1,-1,0,0,1,0,Phishing
1,0,1,-1,-1,-1,0,1,0,Phishing
1,0,-1,-1,-1,-1,1,1,0,Phishing
1,-1,1,-1,1,-1,-1,1,0,Phishing
1,1,-1,1,1,-1,1,1,0,Phishing
1,0,1,-1,1,-1,1,1,0,Phishing
0,0,1,0,0,1,-1,-1,0,Legitimate
-1,-1,-1,-1,-1,-1,0,1,0,Legitimate
1,0,0,-1,-1,0,0,-1,0,Legitimate
-1,0,0,-1,-1,1,0,-1,0,Legitimate
1,1,1,-1,1,-1,-1,1,0,Phishing
-1,0,1,0,-1,0,0,-1,0,Phishing
1,1,1,1,0,-1,0,1,0,Phishing
1,0,1,1,1,0,-1,1,1,Phishing
-1,-1,1,-1,-1,1,-1,-1,0,Legitimate
0,-1,-1,0,1,1,0,-1,0,Legitimate
-1,-1,1,0,-1,0,1,1,0,Legitimate
-1,-1,1,-1,-1,-1,1,1,0,Suspicious
1,1,-1,-1,1,-1,1,1,0,Suspicious
1,0,1,0,-1,-1,-1,1,0,Phishing
-1,-1,-1,-1,-1,1,1,-1,1,Suspicious
1,1,1,-1,1,-1,0,1,1,Phishing
-1,-1,1,-1,-1,0,-1,-1,0,Legitimate
1,-1,0,-1,-1,0,-1,1,0,Legitimate
1,0,1,1,1,-1,1,1,0,Phishing
1,-1,0,1,0,0,-1,1,0,Legitimate
1,-1,0,1,1,0,0,1,0,Phishing
1,1,1,-1,1,-1,1,1,1,Phishing
-1,-1,1,1,-1,1,0,-1,0,Legitimate
-1,-1,0,0,-1,1,0,-1,0,Legitimate
0,0,0,0,1,0,0,-1,0,Legitimate
1,1,1,1,1,1,0,1,1,Phishing
1,0,1,1,1,-1,1,1,0,Phishing
-1,-1,0,-1,-1,0,0,1,0,Legitimate
0,0,0,0,1,0,1,-1,1,Legitimate
-1,-1,0,1,-1,1,-1,1,0,Legitimate
-1,-1,1,-1,1,0,-1,-1,0,Suspicious
-1,-1,0,1,1,0,-1,-1,0,Legitimate
1,1,0,0,-1,0,0,1,0,Phishing
1,-1,1,-1,-1,0,-1,-1,0,Legitimate
1,1,1,1,1,-1,1,1,0,Phishing
1,0,1,0,-1,1,0,-1,0,Phishing
-1,0,1,-1,-1,-1,-1,1,0,Legitimate
-1,-1,1,0,1,1,0,-1,0,Legitimate
1,1,0,-1,1,0,-1,-1,0,Phishing
-1,0,-1,-1,-1,1,-1,-1,0,Legitimate
1,-1,1,1,1,0,0,1,0,Phishing
1,0,1,1,0,0,-1,1,1,Phishing
-1,0,-1,-1,-1,0,-1,1,0,Legitimate
1,1,1,-1,1,-1,0,1,0,Phishing
0,-1,-1,0,1,0,1,-1,0,Legitimate
-1,-1,1,1,-1,1,-1,-1,0,Legitimate
1,1,1,0,-1,1,1,-1,0,Phishing
1,1,1,1,1,0,-1,1,0,Phishing
-1,-1,-1,-1,-1,0,0,1,0,Legitimate
-1,-1,1,1,-1,1,-1,-1,0,Phishing
-1,-1,1,-1,1,0,-1,-1,0,Suspicious
1,0,1,-1,-1,-1,0,1,1,Phishing
-1,0,-1,0,-1,1,0,-1,0,Legitimate
1,0,1,0,-1,-1,1,1,0,Phishing
1,1,1,-1,-1,-1,0,1,0,Phishing
1,0,1,1,1,-1,1,1,0,Phishing
1,0,1,1,1,-1,0,1,0,Phishing
0,-1,-1,0,0,0,1,-1,1,Legitimate
-1,-1,0,1,1,-1,-1,1,0,Legitimate
1,0,1,-1,1,0,1,1,0,Phishing
1,1,1,1,1,0,1,1,0,Phishing
-1,-1,1,-1,-1,0,1,-1,0,Suspicious
0,0,1,0,1,-1,0,1,1,Legitimate
-1,-1,0,1,1,-1,1,1,0,Legitimate
1,1,1,1,1,1,0,-1,1,Phishing
1,0,-1,1,1,0,0,-1,0,Phishing
-1,0,-1,-1,-1,0,0,1,0,Legitimate
1,0,-1,1,1,-1,1,1,0,Phishing
-1,-1,-1,-1,-1,1,0,-1,0,Legitimate
1,-1,1,-1,-1,0,1,1,0,Suspicious
1,-1,0,1,0,-1,1,1,0,Legitimate
-1,0,-1,-1,-1,-1,-1,1,0,Legitimate
-1,-1,0,-1,-1,0,1,-1,1,Legitimate
-1,-1,1,-1,-1,1,1,1,0,Suspicious
1,0,1,1,0,0,1,1,0,Phishing
-1,-1,0,-1,-1,0,-1,1,0,Legitimate
-1,0,-1,-1,1,1,-1,-1,0,Legitimate
1,0,1,0,-1,1,-1,-1,0,Phishing
-1,0,-1,-1,-1,1,0,-1,0,Legitimate
1,0,1,-1,1,-1,1,1,0,Phishing
-1,0,0,-1,-1,0,0,-1,0,Legitimate
-1,0,1,-1,0,-1,-1,1,0,Legitimate
-1,-1,-1,1,-1,0,0,-1,0,Legitimate
1,-1,1,0,-1,-1,1,1,0,Phishing
-1,-1,-1,-1,-1,1,-1,-1,0,Legitimate
1,0,1,1,1,0,1,-1,0,Phishing
-1,-1,1,-1,0,1,0,-1,0,Legitimate
1,0,0,1,-1,0,-1,1,0,Legitimate
1,1,1,-1,1,-1,1,1,0,Phishing
1,-1,0,-1,-1,-1,1,1,0,Legitimate
1,-1,0,0,-1,-1,0,1,0,Phishing
-1,-1,1,1,1,0,1,1,1,Legitimate
0,-1,1,0,0,1,-1,-1,0,Legitimate
1,1,0,1,0,0,-1,-1,0,Phishing
1,-1,1,1,1,0,-1,1,0,Phishing
-1,0,0,-1,-1,1,-1,-1,0,Phishing
1,1,1,0,-1,0,0,1,0,Phishing
-1,1,1,0,0,-1,0,1,0,Phishing
1,0,-1,-1,1,0,-1,-1,0,Phishing
-1,-1,-1,-1,-1,1,1,-1,0,Legitimate
1,0,1,0,-1,-1,-1,1,0,Phishing
1,-1,1,0,-1,0,1,1,0,Phishing
1,0,1,1,1,-1,0,1,0,Phishing
-1,1,-1,0,0,1,-1,-1,0,Phishing
1,0,1,-1,-1,0,-1,-1,0,Legitimate
1,0,1,-1,1,1,1,-1,0,Phishing
-1,-1,0,1,-1,0,0,1,0,Legitimate
1,0,1,-1,1,1,-1,-1,1,Phishing
-1,0,-1,0,-1,1,-1,-1,0,Legitimate
1,-1,1,1,1,-1,0,1,0,Phishing
-1,0,0,0,-1,-1,-1,1,0,Suspicious
-1,-1,1,-1,-1,0,-1,1,0,Legitimate
1,1,1,1,1,-1,-1,1,1,Phishing
0,-1,-1,0,1,1,-1,-1,0,Legitimate
1,-1,1,-1,-1,0,-1,-1,0,Legitimate
1,-1,0,-1,-1,-1,0,1,0,Legitimate
0,-1,-1,0,0,-1,0,1,0,Legitimate
-1,-1,0,1,1,-1,0,1,0,Legitimate
-1,0,0,1,1,1,-1,-1,0,Legitimate
-1,-1,0,-1,-1,1,0,-1,0,Legitimate
1,-1,0,-1,-1,1,-1,1,0,Legitimate
-1,0,1,-1,-1,-1,0,1,0,Legitimate
1,-1,1,-1,1,-1,0,1,0,Phishing
1,-1,0,1,1,0,-1,1,0,Phishing
1,-1,1,-1,1,-1,-1,1,1,Phishing
1,-1,1,1,1,0,-1,1,0,Phishing
1,0,1,-1,1,-1,-1,1,0,Phishing
1,-1,1,-1,1,-1,0,1,0,Phishing
1,-1,1,-1,0,1,-1,-1,0,Suspicious
-1,1,1,-1,1,1,1,-1,1,Suspicious
-1,-1,1,-1,1,1,0,-1,0,Suspicious
-1,0,-1,-1,1,1,0,-1,0,Legitimate
1,-1,0,1,0,-1,0,1,0,Phishing
-1,-1,1,-1,-1,-1,1,1,1,Legitimate
0,-1,-1,0,0,-1,0,1,0,Legitimate
1,0,1,0,-1,1,-1,-1,0,Phishing
1,-1,1,0,-1,-1,-1,1,0,Phishing
1,0,1,1,1,0,-1,1,0,Phishing
1,-1,0,1,1,-1,1,1,0,Phishing
0,0,-1,0,1,0,1,-1,1,Legitimate
1,1,1,-1,-1,-1,0,1,0,Phishing
0,-1,-1,0,0,1,0,-1,0,Legitimate
1,1,1,-1,-1,-1,-1,1,0,Phishing
1,0,1,-1,1,1,1,-1,1,Phishing
1,0,1,1,1,0,0,1,0,Phishing
1,-1,0,-1,-1,1,-1,-1,0,Legitimate
1,1,1,0,0,0,0,1,0,Phishing
-1,0,1,-1,1,1,1,-1,1,Suspicious
0,-1,1,0,0,0,1,1,1,Legitimate
1,0,0,1,1,0,-1,1,0,Phishing
1,-1,1,-1,1,1,-1,-1,0,Phishing
1,1,1,-1,1,0,0,-1,1,Phishing
1,-1,0,0,-1,1,-1,-1,0,Legitimate
1,1,1,-1,1,-1,1,1,0,Phishing
-1,-1,1,-1,0,1,1,-1,0,Legitimate
-1,-1,1,0,-1,1,-1,1,0,Legitimate
1,0,1,-1,1,0,0,1,0,Phishing
1,-1,0,0,-1,0,-1,-1,0,Phishing
1,0,1,-1,1,0,0,1,0,Phishing
1,1,-1,-1,1,1,-1,-1,0,Phishing
1,0,1,1,1,-1,0,1,1,Phishing
1,-1,0,-1,-1,0,-1,1,0,Legitimate
1,-1,1,-1,0,1,-1,1,0,Suspicious
1,0,1,1,1,1,1,-1,0,Phishing
1,-1,0,-1,-1,0,0,-1,0,Legitimate
1,-1,1,0,0,-1,0,1,0,Phishing
1,-1,0,1,0,1,0,1,0,Legitimate
1,0,1,-1,-1,0,1,1,0,Suspicious
-1,-1,1,0,-1,1,1,-1,1,Legitimate
1,0,1,0,0,0,0,1,0,Phishing
1,0,1,-1,-1,-1,0,1,0,Phishing
0,0,-1,0,1,-1,-1,1,0,Legitimate
1,1,1,1,1,-1,0,1,0,Phishing
0,0,1,0,1,-1,1,1,0,Legitimate
-1,0,0,-1,-1,0,0,-1,0,Legitimate
-1,0,1,0,0,0,0,1,1,Phishing
1,0,1,0,-1,-1,-1,1,0,Phishing
-1,0,-1,-1,-1,-1,1,1,0,Legitimate
0,-1,-1,0,1,-1,0,1,0,Legitimate
1,1,1,1,0,-1,0,1,0,Phishing
0,0,-1,0,1,0,-1,-1,0,Legitimate
-1,0,1,0,-1,-1,0,1,0,Phishing
1,1,1,0,-1,1,0,-1,0,Phishing
1,-1,1,-1,-1,0,0,1,0,Phishing
0,-1,1,-1,-1,1,-1,1,0,Legitimate
-1,-1,1,0,-1,0,1,1,1,Legitimate
1,1,1,-1,-1,-1,1,1,0,Suspicious
1,0,1,1,1,1,0,-1,0,Phishing
1,0,1,1,0,-1,1,1,0,Phishing
1,0,1,1,0,-1,0,1,0,Phishing
-1,-1,-1,-1,-1,1,0,-1,0,Legitimate
1,0,1,0,-1,1,0,-1,0,Phishing
1,-1,1,0,-1,1,-1,-1,1,Phishing
-1,-1,1,-1,-1,1,0,-1,0,Phishing
1,0,-1,0,0,1,0,-1,0,Phishing
-1,0,0,0,-1,-1,-1,1,0,Suspicious
1,-1,1,-1,1,-1,0,1,0,Phishing
-1,-1,0,-1,-1,-1,-1,1,0,Suspicious
0,0,1,0,1,0,1,-1,0,Legitimate
1,0,1,1,1,-1,-1,1,0,Phishing
1,0,1,0,-1,1,0,-1,0,Phishing
-1,-1,1,-1,-1,1,0,1,0,Legitimate
1,0,1,1,1,0,-1,1,0,Phishing
-1,-1,1,0,-1,1,-1,-1,0,Legitimate
1,0,1,1,1,1,0,-1,0,Phishing
1,0,1,1,1,0,0,1,0,Phishing
0,-1,-1,0,1,-1,-1,1,0,Legitimate
-1,-1,0,0,-1,1,-1,-1,0,Legitimate
1,-1,1,-1,-1,0,0,-1,0,Legitimate
1,0,-1,-1,-1,1,0,-1,0,Legitimate
1,-1,1,-1,1,-1,1,1,0,Phishing
1,0,0,1,1,1,1,-1,1,Phishing
1,-1,0,-1,1,1,0,-1,0,Legitimate
-1,0,0,-1,-1,-1,0,1,0,Legitimate
1,1,1,1,1,0,0,1,0,Phishing
-1,-1,1,-1,1,0,0,-1,0,Suspicious
1,0,1,0,-1,0,-1,1,0,Phishing
1,0,1,-1,1,1,-1,-1,0,Phishing
1,0,1,0,-1,1,1,-1,1,Phishing
-1,0,0,-1,-1,-1,-1,1,0,Suspicious
1,0,-1,-1,-1,1,0,-1,0,Phishing
1,0,0,-1,-1,0,0,-1,0,Phishing
1,1,1,-1,1,0,1,1,0,Phishing
1,1,1,1,1,1,0,-1,1,Phishing
0,0,-1,0,0,0,0,-1,0,Legitimate
1,0,1,1,0,0,1,1,0,Phishing
-1,0,0,0,-1,1,0,-1,0,Legitimate
1,-1,0,1,1,0,0,1,0,Legitimate
1,0,-1,1,0,1,-1,1,0,Phishing
-1,-1,-1,-1,-1,-1,-1,1,0,Legitimate
-1,-1,0,0,-1,1,-1,1,0,Legitimate
1,-1,0,1,1,-1,1,1,0,Legitimate
1,-1,0,-1,-1,-1,-1,1,1,Legitimate
-1,-1,0,-1,-1,0,-1,-1,0,Legitimate
-1,0,1,-1,-1,1,0,-1,0,Legitimate
-1,0,-1,-1,-1,0,0,-1,0,Legitimate
-1,0,-1,0,-1,-1,1,1,1,Legitimate
-1,-1,1,-1,0,1,0,-1,0,Phishing
1,1,1,-1,-1,1,0,-1,0,Phishing
1,0,-1,-1,1,-1,1,1,0,Suspicious
-1,-1,1,-1,-1,1,0,-1,0,Legitimate
1,-1,1,1,1,-1,0,1,0,Phishing
0,-1,-1,0,1,1,-1,-1,0,Legitimate
-1,-1,-1,0,-1,1,1,-1,0,Legitimate
1,0,1,0,-1,0,1,1,0,Phishing
1,0,1,0,-1,-1,1,1,0,Phishing
1,0,1,0,-1,0,0,1,0,Phishing
1,0,1,1,1,0,0,1,0,Phishing
-1,-1,1,0,0,1,-1,-1,0,Phishing
1,0,1,-1,1,1,1,-1,0,Phishing
-1,-1,1,-1,-1,0,-1,1,0,Legitimate
1,1,1,0,-1,-1,-1,1,0,Phishing
-1,0,1,-1,-1,0,0,1,0,Legitimate
1,1,1,0,-1,-1,0,1,0,Phishing
1,1,1,1,1,-1,1,1,0,Phishing
1,1,1,0,-1,-1,-1,1,1,Phishing
-1,-1,1,0,-1,0,-1,1,0,Legitimate
1,1,1,1,1,-1,1,1,1,Phishing
1,-1,1,0,-1,1,0,-1,0,Phishing
-1,0,1,-1,0,0,-1,1,0,Phishing
1,0,1,0,-1,-1,0,1,0,Phishing
1,0,0,1,1,-1,-1,1,0,Phishing
1,0,1,1,1,0,1,-1,0,Phishing
-1,0,1,0,-1,-1,1,1,0,Phishing
-1,-1,-1,-1,-1,1,-1,-1,0,Legitimate
1,-1,1,1,1,0,1,1,0,Phishing
1,0,0,1,1,1,0,-1,0,Phishing
-1,0,0,0,-1,0,0,-1,0,Legitimate
1,-1,0,1,0,1,0,1,0,Phishing
1,1,1,1,1,0,1,-1,1,Phishing
-1,0,-1,-1,-1,1,-1,-1,0,Legitimate
1,-1,0,-1,-1,0,1,1,0,Legitimate
0,-1,-1,0,0,1,0,-1,0,Legitimate
1,0,1,-1,1,0,1,1,0,Phishing
1,-1,1,1,0,0,1,1,0,Phishing
0,0,0,0,0,0,0,1,0,Suspicious
-1,0,-1,0,-1,-1,1,1,0,Legitimate
1,-1,1,-1,1,-1,1,1,0,Phishing
-1,1,1,0,0,0,1,1,1,Phishing
1,0,1,1,1,-1,0,1,0,Phishing
-1,-1,0,-1,-1,0,-1,-1,0,Legitimate
1,1,0,-1,-1,1,0,-1,0,Phishing
1,0,1,-1,1,-1,0,1,0,Phishing
1,0,1,-1,1,-1,1,1,0,Phishing
-1,-1,-1,0,-1,1,-1,-1,0,Legitimate
1,-1,0,-1,0,1,-1,1,0,Phishing
0,0,-1,0,1,1,-1,-1,0,Legitimate
1,1,1,-1,-1,-1,1,1,0,Phishing
-1,-1,-1,0,-1,-1,-1,1,0,Legitimate
1,-1,0,1,1,-1,1,1,0,Phishing
-1,-1,-1,-1,-1,0,-1,1,0,Legitimate
1,0,1,0,-1,1,0,-1,0,Phishing
1,0,1,0,-1,-1,0,1,0,Phishing
1,-1,-1,1,1,-1,1,1,0,Phishing
1,-1,1,-1,1,1,1,-1,0,Phishing
-1,0,0,-1,-1,-1,0,1,0,Suspicious
1,0,1,-1,1,0,1,-1,0,Phishing
1,0,1,-1,1,-1,0,1,0,Phishing
1,0,1,1,1,-1,-1,1,0,Phishing
0,-1,0,0,1,-1,0,1,0,Legitimate
-1,-1,1,-1,0,1,0,1,0,Legitimate
1,0,1,-1,-1,1,0,-1,0,Phishing
1,0,1,-1,-1,-1,0,1,0,Phishing
-1,0,0,-1,-1,1,0,-1,0,Legitimate
-1,0,-1,1,1,0,0,1,0,Legitimate
1,0,1,1,1,0,0,-1,0,Phishing
1,1,0,1,1,-1,0,1,0,Phishing
1,-1,1,0,-1,1,-1,1,0,Legitimate
1,0,1,-1,-1,1,0,-1,1,Phishing
1,1,0,0,-1,-1,1,1,1,Phishing
1,-1,1,1,1,1,-1,-1,0,Phishing
1,-1,1,1,1,0,0,1,0,Phishing
1,0,1,0,-1,-1,-1,1,1,Phishing
1,1,-1,-1,1,1,0,-1,0,Phishing
0,0,-1,0,1,1,0,-1,0,Legitimate
-1,0,-1,0,-1,-1,1,1,1,Legitimate
1,0,0,-1,-1,0,-1,-1,0,Legitimate
1,0,1,-1,-1,0,1,1,0,Phishing
1,0,1,-1,1,-1,1,1,0,Phishing
1,0,1,0,-1,1,-1,-1,1,Phishing
1,1,1,-1,-1,0,0,1,0,Phishing
1,0,1,1,1,0,1,1,0,Phishing
-1,-1,-1,-1,1,0,-1,1,0,Legitimate
-1,0,-1,1,-1,1,-1,-1,0,Legitimate
0,0,1,1,1,0,-1,1,0,Phishing
0,0,-1,0,1,1,0,-1,0,Legitimate
-1,0,-1,-1,-1,1,0,-1,0,Legitimate
1,-1,1,1,1,-1,-1,1,1,Phishing
1,-1,0,-1,1,0,0,1,0,Phishing
1,0,1,1,1,0,1,1,0,Phishing
1,0,1,1,1,-1,0,1,0,Phishing
1,-1,0,1,1,1,-1,-1,0,Phishing
1,0,1,0,-1,1,1,-1,0,Phishing
1,0,-1,-1,1,-1,1,1,0,Suspicious
1,0,1,-1,1,-1,1,1,0,Phishing
-1,-1,-1,-1,-1,-1,1,1,0,Legitimate
-1,0,1,0,0,0,0,1,0,Phishing
0,-1,0,0,0,-1,0,1,0,Suspicious
1,1,1,1,1,-1,1,1,0,Phishing
1,0,0,0,-1,0,-1,-1,0,Phishing
0,-1,1,0,0,1,1,1,0,Legitimate
1,0,1,-1,1,0,-1,1,0,Phishing
0,-1,1,0,1,1,-1,-1,0,Legitimate
1,0,1,0,-1,0,1,-1,0,Phishing
1,-1,0,-1,-1,-1,0,1,0,Phishing
1,-1,0,1,1,-1,1,1,0,Legitimate
0,0,0,0,0,0,0,1,0,Suspicious
1,0,1,0,-1,0,1,1,0,Phishing
1,1,1,0,0,-1,0,1,0,Phishing
1,0,1,1,1,-1,-1,1,0,Phishing
1,0,1,-1,1,0,0,-1,0,Phishing
-1,-1,1,-1,1,0,-1,1,0,Suspicious
0,-1,0,0,0,0,0,1,0,Suspicious
-1,-1,-1,-1,-1,1,-1,1,0,Legitimate
-1,-1,-1,-1,-1,0,-1,-1,0,Legitimate
1,0,1,-1,-1,-1,1,1,0,Suspicious
1,0,0,-1,1,1,0,-1,0,Phishing
-1,0,-1,-1,1,1,-1,-1,0,Legitimate
1,0,1,0,0,-1,0,1,0,Phishing
0,0,0,0,0,-1,-1,1,0,Suspicious
1,0,1,-1,1,-1,-1,1,1,Phishing
1,0,1,1,1,0,0,1,0,Phishing
1,-1,0,1,1,0,0,1,0,Phishing
1,-1,0,-1,-1,0,1,1,1,Legitimate
-1,-1,-1,-1,-1,1,0,1,0,Legitimate
1,1,1,1,0,1,0,-1,0,Phishing
-1,-1,0,1,1,0,0,1,0,Phishing
-1,0,-1,-1,-1,0,0,-1,0,Legitimate
1,0,1,1,1,1,-1,1,0,Phishing
-1,0,1,-1,-1,0,0,-1,0,Legitimate
-1,-1,0,-1,-1,-1,0,1,0,Suspicious
-1,0,1,0,-1,0,0,1,0,Phishing
1,1,0,1,1,-1,-1,1,0,Phishing
0,-1,-1,0,1,1,1,-1,1,Legitimate
1,1,1,1,1,-1,0,1,1,Phishing
1,-1,0,-1,1,0,0,1,0,Phishing
1,0,1,0,-1,0,1,1,0,Phishing
1,-1,1,-1,1,-1,-1,1,0,Phishing
-1,-1,1,-1,-1,0,-1,-1,0,Legitimate
1,-1,0,0,-1,1,1,-1,0,Legitimate
-1,0,1,0,-1,0,0,1,0,Legitimate
1,0,1,-1,1,1,1,-1,1,Phishing
0,-1,1,0,1,-1,1,1,1,Legitimate
1,0,1,0,0,0,0,-1,0,Phishing
1,0,1,-1,-1,1,1,-1,0,Suspicious
1,-1,1,1,1,-1,1,1,0,Phishing
-1,-1,0,-1,-1,0,-1,-1,0,Legitimate
0,-1,1,0,1,-1,1,1,0,Legitimate
1,-1,0,1,1,0,-1,-1,0,Phishing
1,0,1,0,0,0,0,1,1,Phishing
-1,0,0,-1,-1,1,0,-1,0,Legitimate
1,0,1,1,1,-1,-1,1,0,Phishing
1,0,1,1,0,0,0,1,0,Phishing
1,1,1,0,0,0,0,-1,0,Phishing
1,0,1,1,1,-1,-1,1,0,Phishing
1,0,1,0,-1,0,1,-1,0,Phishing
1,0,1,1,1,0,0,1,0,Phishing
1,-1,1,0,-1,-1,0,1,0,Phishing
1,-1,0,-1,-1,-1,0,1,0,Legitimate
1,0,1,1,1,-1,1,1,0,Phishing
1,1,1,-1,1,1,-1,-1,0,Phishing
1,0,1,1,1,-1,0,1,0,Phishing
1,1,1,0,-1,0,1,1,0,Phishing
1,0,1,0,-1,0,0,1,0,Phishing
-1,1,1,-1,1,-1,0,1,0,Suspicious
1,0,1,-1,1,-1,0,1,0,Phishing
-1,0,1,0,0,0,0,1,0,Phishing
1,0,0,1,1,0,-1,1,0,Phishing
1,-1,1,1,1,0,0,1,0,Phishing
1,0,-1,-1,1,-1,0,1,0,Phishing
1,1,1,-1,1,0,0,1,0,Phishing
1,1,1,-1,1,1,0,-1,0,Phishing
1,1,0,0,-1,0,-1,1,0,Phishing
-1,-1,1,-1,-1,1,-1,1,0,Phishing
1,-1,1,1,1,1,1,-1,0,Phishing
1,0,1,1,1,0,0,1,0,Phishing
-1,0,0,-1,-1,1,-1,-1,0,Legitimate
-1,0,-1,-1,-1,1,-1,1,0,Legitimate
-1,-1,0,-1,-1,1,-1,1,0,Legitimate
1,0,1,0,0,-1,0,1,0,Phishing
0,-1,0,-1,-1,0,-1,-1,0,Legitimate
-1,-1,1,1,1,1,-1,-1,0,Legitimate
1,0,1,-1,-1,1,1,-1,0,Phishing
0,-1,-1,0,0,1,1,-1,1,Legitimate
-1,-1,0,-1,-1,0,1,1,1,Legitimate
1,0,1,1,1,0,-1,-1,0,Phishing
-1,0,1,1,1,-1,0,1,1,Phishing
1,1,1,1,1,1,0,1,0,Phishing
0,-1,1,0,1,-1,0,1,0,Legitimate
1,0,1,1,1,0,0,1,0,Phishing
-1,0,-1,-1,-1,1,-1,-1,0,Legitimate
1,0,-1,1,1,0,1,-1,0,Phishing
1,0,1,1,0,-1,-1,1,0,Phishing
1,0,-1,1,1,1,0,-1,0,Phishing
-1,-1,0,-1,0,0,0,1,0,Legitimate
1,0,-1,1,-1,-1,1,1,0,Phishing
-1,0,-1,-1,-1,0,0,1,0,Legitimate
1,0,1,0,0,0,-1,1,0,Phishing
1,0,1,1,1,1,1,-1,0,Phishing
1,0,1,0,0,1,-1,-1,0,Phishing
1,0,1,1,0,1,0,-1,0,Phishing
-1,1,1,-1,1,-1,0,1,1,Suspicious
1,0,1,1,1,0,0,1,0,Phishing
1,-1,0,0,-1,1,-1,-1,0,Phishing
1,-1,0,-1,1,-1,1,1,0,Phishing
-1,0,0,-1,-1,-1,0,1,0,Suspicious
-1,-1,-1,-1,-1,-1,0,1,0,Legitimate
1,1,1,-1,1,1,1,-1,1,Phishing
0,0,-1,0,0,1,0,-1,0,Legitimate
1,1,1,-1,1,-1,0,1,0,Phishing
1,0,1,-1,1,-1,-1,1,1,Phishing
1,0,1,0,-1,0,-1,1,0,Phishing
1,0,1,1,0,-1,0,1,0,Phishing
0,-1,-1,0,1,1,-1,1,0,Legitimate
-1,-1,1,0,0,1,-1,-1,0,Legitimate
1,0,-1,-1,1,1,0,1,0,Phishing
0,0,0,0,1,0,-1,1,0,Legitimate
1,-1,1,-1,1,-1,0,1,0,Phishing
-1,-1,1,1,1,1,-1,-1,0,Legitimate
1,1,1,-1,-1,-1,0,1,1,Phishing
1,-1,0,-1,1,0,0,1,0,Legitimate
-1,0,-1,-1,-1,0,-1,1,0,Legitimate
1,0,1,0,0,1,1,-1,0,Phishing
0,0,1,0,1,0,-1,-1,0,Legitimate
-1,-1,1,-1,-1,-1,-1,1,1,Legitimate
1,-1,0,1,-1,1,-1,-1,0,Legitimate
-1,-1,1,-1,-1,1,1,1,0,Suspicious
0,-1,-1,0,0,1,0,-1,0,Legitimate
1,0,1,1,1,0,1,1,0,Phishing
1,1,-1,1,0,1,0,-1,0,Phishing
1,1,1,0,-1,0,1,1,0,Phishing
-1,-1,-1,-1,-1,-1,0,1,0,Legitimate
-1,0,1,-1,-1,-1,1,1,0,Suspicious
0,0,-1,0,1,-1,0,1,0,Legitimate
0,0,0,0,0,-1,1,1,1,Suspicious
0,-1,1,0,1,-1,0,1,0,Legitimate
0,-1,1,-1,-1,0,-1,-1,0,Legitimate
1,0,1,1,1,0,0,-1,0,Phishing
1,0,1,-1,1,-1,0,1,0,Phishing
1,1,-1,-1,-1,1,0,-1,0,Phishing
1,0,-1,-1,-1,1,0,1,0,Phishing
-1,0,-1,-1,-1,1,-1,-1,0,Legitimate
-1,0,-1,0,-1,0,0,1,0,Legitimate
1,0,1,-1,1,-1,1,1,0,Phishing
1,0,1,0,-1,-1,0,1,0,Phishing
-1,-1,0,0,-1,0,0,1,0,Legitimate
-1,0,0,-1,-1,0,-1,1,0,Legitimate
1,-1,0,1,1,1,-1,1,0,Phishing
1,0,1,1,1,0,1,1,0,Phishing
-1,0,-1,-1,-1,0,-1,1,0,Legitimate
-1,0,1,-1,-1,-1,0,1,1,Legitimate
-1,0,0,-1,-1,0,-1,1,0,Legitimate
0,0,-1,0,1,1,1,-1,0,Legitimate
-1,-1,0,-1,-1,1,1,-1,1,Legitimate
1,-1,0,1,1,-1,0,1,1,Legitimate
1,0,1,1,1,-1,1,1,0,Phishing
-1,0,-1,-1,-1,-1,-1,1,0,Legitimate
0,0,0,0,1,1,-1,-1,0,Legitimate
1,-1,0,-1,-1,0,0,1,0,Legitimate
-1,0,1,0,-1,1,1,-1,0,Phishing
-1,0,-1,0,-1,-1,0,1,0,Legitimate
1,0,1,0,-1,0,0,-1,0,Phishing
1,-1,0,0,-1,0,0,1,0,Legitimate
1,0,1,1,1,-1,-1,1,0,Phishing
1,0,1,-1,1,-1,0,1,0,Phishing
1,1,1,-1,1,0,1,1,0,Phishing
1,0,1,0,0,-1,1,1,1,Phishing
-1,0,1,-1,1,-1,1,1,0,Legitimate
-1,0,-1,0,-1,1,-1,-1,0,Legitimate
-1,0,1,0,0,0,0,-1,0,Phishing
0,0,-1,0,0,1,-1,1,0,Legitimate
1,0,1,0,0,1,1,-1,1,Phishing
1,0,1,-1,1,0,0,-1,0,Phishing
-1,-1,0,-1,-1,1,-1,-1,0,Legitimate
1,-1,1,0,0,1,0,-1,0,Phishing
1,1,1,-1,1,-1,0,1,1,Phishing
1,1,1,0,-1,-1,-1,1,0,Phishing
1,-1,0,-1,0,-1,-1,1,0,Phishing
0,0,1,0,1,0,-1,1,0,Legitimate
1,0,1,-1,1,1,0,1,0,Phishing
1,1,1,1,1,-1,0,1,1,Phishing
1,0,1,0,-1,0,1,1,0,Phishing
1,1,1,-1,-1,-1,0,1,0,Phishing
1,0,1,-1,-1,1,1,1,0,Phishing
1,-1,0,1,-1,-1,-1,1,0,Phishing
1,0,1,0,-1,0,1,-1,0,Phishing
1,0,1,0,-1,-1,0,1,0,Phishing
-1,-1,0,-1,-1,0,0,-1,0,Legitimate
1,0,1,1,1,1,0,-1,0,Phishing
-1,-1,-1,0,-1,-1,1,1,0,Legitimate
0,-1,-1,0,1,0,-1,-1,0,Legitimate
1,-1,1,-1,1,1,-1,1,0,Phishing
1,0,1,-1,1,-1,1,1,0,Phishing
1,-1,1,-1,1,1,0,1,0,Phishing
-1,-1,-1,-1,-1,0,0,-1,0,Legitimate
0,-1,0,0,1,-1,-1,1,0,Legitimate
-1,-1,1,1,-1,1,0,-1,0,Phishing
-1,-1,1,1,1,1,0,-1,0,Legitimate
1,1,1,1,1,0,-1,1,0,Phishing
1,-1,1,-1,1,-1,0,1,0,Phishing
1,-1,1,-1,1,0,0,1,0,Phishing
1,-1,0,0,-1,0,0,1,0,Legitimate
1,0,-1,-1,1,-1,0,1,0,Phishing
1,1,1,-1,1,-1,-1,1,0,Phishing
1,0,1,1,0,0,1,1,0,Phishing
1,-1,0,-1,1,0,-1,1,0,Legitimate
0,0,-1,0,0,0,-1,-1,0,Legitimate
1,0,-1,-1,-1,1,-1,-1,0,Legitimate
-1,0,0,-1,-1,0,0,-1,0,Legitimate
0,-1,-1,0,1,0,-1,-1,0,Legitimate
1,0,1,1,1,0,0,1,0,Phishing
-1,0,1,0,0,-1,1,1,0,Phishing
-1,0,-1,1,1,1,0,1,0,Phishing
1,1,1,1,1,-1,0,1,0,Phishing
-1,-1,1,-1,-1,0,-1,1,1,Legitimate
0,-1,0,0,1,1,0,1,0,Legitimate
-1,0,0,-1,-1,0,0,1,0,Legitimate
1,0,0,-1,1,-1,-1,1,1,Phishing
1,0,1,0,-1,0,0,-1,0,Phishing
1,-1,0,-1,-1,0,-1,1,0,Phishing
1,0,1,1,1,1,-1,1,0,Phishing
1,0,1,0,-1,-1,-1,1,0,Phishing
-1,-1,0,-1,-1,1,0,1,0,Legitimate
1,0,1,1,0,-1,0,1,0,Phishing
0,-1,0,0,1,0,0,1,0,Legitimate
1,1,1,-1,1,-1,-1,1,0,Phishing
-1,-1,0,0,-1,-1,-1,1,0,Suspicious
-1,-1,1,-1,-1,1,1,1,0,Suspicious
1,1,1,-1,1,-1,0,1,0,Phishing
1,1,1,1,1,1,1,-1,0,Phishing
1,-1,1,-1,1,1,1,-1,0,Phishing
1,0,1,1,1,-1,1,1,0,Phishing
0,0,-1,0,1,1,0,-1,0,Legitimate
1,-1,1,-1,-1,1,-1,-1,0,Legitimate
0,-1,-1,0,1,-1,0,1,0,Legitimate
1,0,1,-1,1,0,1,1,0,Phishing
-1,-1,-1,0,-1,1,-1,-1,0,Legitimate
1,-1,0,-1,1,1,0,1,0,Phishing
1,-1,1,1,1,-1,1,1,0,Phishing
1,0,0,1,1,-1,1,1,0,Phishing
1,1,1,-1,1,-1,0,1,1,Phishing
-1,-1,1,-1,1,1,1,1,0,Suspicious
1,0,1,0,-1,0,0,1,0,Phishing
1,0,1,1,1,0,-1,1,0,Phishing
1,0,1,-1,-1,-1,-1,1,1,Phishing
-1,-1,1,0,-1,1,-1,1,0,Phishing
1,0,1,-1,-1,1,-1,1,0,Phishing
1,1,1,-1,-1,-1,-1,1,0,Phishing
1,1,1,1,1,-1,1,1,0,Phishing
1,0,1,0,-1,-1,-1,1,0,Phishing
1,0,1,-1,-1,-1,1,1,0,Suspicious
-1,-1,-1,-1,-1,1,0,-1,0,Legitimate
-1,0,-1,-1,-1,1,0,-1,0,Legitimate
1,-1,1,-1,-1,1,1,-1,0,Suspicious
1,-1,1,1,1,-1,-1,1,0,Phishing
1,1,1,-1,1,-1,0,1,0,Phishing
1,-1,0,0,-1,0,1,-1,0,Legitimate
1,-1,0,-1,-1,0,-1,1,0,Legitimate
-1,-1,0,-1,-1,1,-1,-1,0,Legitimate
1,0,1,1,1,1,1,1,0,Phishing
1,0,1,-1,1,1,1,1,0,Phishing
1,0,1,-1,1,-1,0,1,0,Phishing
1,1,1,-1,1,-1,1,1,0,Phishing
1,0,1,1,1,-1,-1,1,0,Phishing
-1,-1,-1,-1,-1,0,-1,-1,0,Legitimate
1,0,1,-1,-1,-1,-1,1,0,Phishing
1,-1,1,-1,-1,0,0,1,0,Phishing
-1,-1,0,0,-1,0,-1,-1,0,Legitimate
1,-1,0,-1,1,0,-1,1,0,Phishing
1,1,0,1,1,-1,-1,1,0,Phishing
1,0,1,1,0,0,-1,-1,1,Phishing
1,0,-1,1,1,-1,1,1,0,Phishing
1,0,1,0,-1,0,-1,-1,0,Phishing
1,0,1,1,1,0,1,-1,0,Phishing
-1,-1,1,0,0,-1,0,1,0,Phishing
0,-1,0,0,0,1,-1,-1,0,Suspicious
-1,-1,-1,0,-1,-1,0,1,0,Legitimate
1,-1,0,-1,-1,-1,1,1,0,Phishing
1,1,-1,1,1,1,0,-1,0,Phishing
1,1,1,1,0,0,0,1,0,Phishing
-1,-1,0,1,1,-1,0,1,0,Phishing
-1,0,-1,-1,-1,1,0,1,0,Legitimate
1,0,1,-1,1,0,0,1,0,Phishing
1,0,1,-1,1,-1,1,1,1,Phishing
1,0,1,1,0,0,0,1,0,Phishing
1,0,1,-1,1,-1,-1,1,0,Phishing
1,0,1,-1,-1,0,0,1,0,Phishing
1,0,1,1,1,1,0,-1,0,Phishing
1,1,1,1,1,-1,-1,1,0,Phishing
-1,-1,1,-1,-1,0,0,1,0,Legitimate
1,-1,0,-1,1,-1,-1,1,0,Phishing
1,0,1,0,-1,0,1,1,0,Phishing
1,1,1,-1,-1,1,1,-1,1,Suspicious
1,0,1,1,1,1,1,1,1,Phishing
-1,-1,-1,-1,-1,0,0,1,0,Legitimate
1,0,1,-1,1,0,-1,1,0,Phishing
-1,-1,-1,-1,-1,1,-1,-1,0,Legitimate
1,0,1,-1,1,1,1,1,1,Phishing
-1,0,1,-1,-1,0,-1,-1,0,Legitimate
-1,-1,1,0,-1,0,0,1,0,Legitimate
-1,-1,0,-1,-1,-1,-1,1,0,Legitimate
1,-1,0,1,1,-1,-1,1,0,Phishing
1,1,1,1,1,-1,1,1,0,Phishing
1,1,1,1,0,-1,-1,1,1,Phishing
-1,0,0,-1,1,0,-1,1,0,Legitimate
-1,-1,1,-1,-1,-1,0,1,0,Legitimate
0,-1,0,0,1,-1,0,1,0,Legitimate
-1,-1,0,-1,-1,0,-1,1,0,Legitimate
1,-1,0,-1,0,0,-1,-1,0,Legitimate
1,0,0,1,-1,0,0,1,0,Phishing
-1,-1,0,0,-1,1,0,-1,0,Legitimate
-1,0,-1,-1,-1,1,0,-1,0,Legitimate
1,0,1,1,1,1,0,1,0,Phishing
1,1,1,0,0,-1,0,1,1,Phishing
-1,1,1,0,0,-1,1,1,0,Phishing
0,-1,-1,0,0,0,1,-1,1,Legitimate
1,0,-1,1,-1,0,0,-1,0,Phishing
0,-1,0,0,1,1,0,-1,0,Legitimate
1,0,1,-1,1,0,0,1,0,Phishing
1,0,1,-1,1,-1,-1,1,0,Phishing
1,0,1,0,-1,1,0,-1,0,Phishing
-1,-1,0,-1,-1,1,0,-1,0,Legitimate
-1,-1,-1,0,-1,1,1,-1,1,Legitimate
1,-1,1,-1,-1,1,-1,-1,0,Legitimate
1,0,1,0,-1,1,0,-1,1,Phishing
-1,0,0,0,-1,1,-1,1,0,Legitimate
1,-1,1,-1,1,0,1,1,0,Phishing
1,-1,1,-1,-1,1,-1,-1,0,Legitimate
-1,-1,1,-1,1,1,0,1,0,Suspicious
-1,-1,-1,-1,-1,0,0,-1,0,Legitimate
1,0,1,1,1,0,1,-1,0,Phishing
0,-1,-1,0,1,0,-1,1,0,Legitimate
-1,0,1,1,1,0,1,1,0,Phishing
0,0,-1,0,1,1,0,-1,0,Legitimate
0,0,1,0,1,-1,0,1,1,Legitimate
0,-1,0,0,1,-1,0,1,0,Legitimate
0,-1,0,0,0,0,0,1,0,Suspicious
-1,-1,1,-1,0,1,-1,-1,0,Phishing
-1,0,-1,-1,-1,1,0,-1,0,Legitimate
1,0,1,-1,-1,-1,1,1,0,Suspicious
1,0,1,1,0,1,0,-1,0,Phishing
-1,0,1,-1,-1,1,-1,-1,0,Legitimate
1,0,1,0,-1,-1,0,1,0,Phishing
-1,-1,0,-1,-1,1,0,-1,0,Legitimate
-1,-1,-1,-1,1,0,0,1,0,Legitimate
-1,-1,1,-1,-1,-1,0,1,0,Legitimate
0,0,-1,0,1,0,0,-1,0,Legitimate
-1,-1,-1,0,-1,-1,0,1,0,Legitimate
1,1,1,1,1,1,-1,-1,0,Phishing
-1,0,-1,-1,-1,1,0,-1,0,Legitimate
1,0,1,-1,-1,1,0,-1,0,Phishing
1,0,1,1,0,1,0,-1,1,Phishing
1,0,1,-1,1,1,0,-1,0,Phishing
-1,-1,0,-1,-1,-1,1,1,1,Suspicious
-1,-1,-1,-1,-1,0,0,-1,0,Legitimate
1,1,1,-1,1,0,0,-1,0,Phishing
1,0,1,-1,-1,-1,-1,1,0,Phishing
1,1,1,-1,1,0,-1,-1,0,Phishing
1,1,-1,1,1,-1,1,1,0,Phishing
-1,-1,0,-1,-1,-1,-1,1,0,Legitimate
1,1,1,0,-1,-1,0,1,0,Phishing
1,1,1,-1,1,0,-1,1,0,Phishing
0,-1,-1,0,1,1,0,-1,0,Legitimate
-1,-1,1,-1,-1,-1,-1,1,0,Legitimate
1,-1,1,1,1,0,-1,1,0,Phishing
1,-1,1,1,0,-1,0,1,0,Phishing
1,0,1,1,1,-1,0,1,0,Phishing
1,0,1,-1,1,1,0,-1,0,Phishing
1,1,1,-1,-1,-1,0,1,0,Phishing
0,-1,0,0,1,0,0,-1,0,Legitimate
1,0,1,1,1,1,-1,-1,0,Phishing
1,0,1,-1,-1,-1,0,1,0,Phishing
1,0,1,-1,1,-1,1,1,0,Phishing
0,-1,-1,0,0,1,1,-1,0,Legitimate
1,0,1,-1,1,1,-1,-1,1,Phishing
0,-1,-1,0,1,1,1,-1,0,Legitimate
-1,-1,0,-1,-1,1,-1,-1,0,Legitimate
-1,-1,1,-1,-1,1,0,1,0,Legitimate
1,-1,0,-1,-1,-1,0,1,0,Phishing
-1,-1,1,-1,-1,0,-1,-1,0,Legitimate
-1,-1,-1,-1,-1,0,0,1,0,Legitimate
-1,0,0,-1,-1,0,0,-1,0,Legitimate
-1,0,0,-1,-1,0,1,-1,1,Legitimate
1,1,1,-1,1,0,1,1,0,Phishing
1,0,1,-1,1,1,0,-1,0,Phishing
1,-1,0,1,1,-1,-1,1,0,Legitimate
0,-1,-1,0,1,1,0,-1,0,Legitimate
1,-1,1,1,1,0,-1,1,0,Phishing
-1,-1,0,-1,-1,-1,0,1,0,Suspicious
-1,1,0,0,-1,-1,1,1,1,Phishing
0,0,-1,0,1,1,0,1,0,Legitimate
1,-1,0,-1,-1,-1,-1,1,0,Legitimate
1,-1,1,-1,-1,1,1,-1,0,Suspicious
1,0,-1,1,1,0,0,-1,0,Phishing
1,0,0,1,-1,0,0,1,0,Phishing
-1,-1,1,0,-1,0,1,-1,1,Legitimate
-1,-1,0,-1,-1,0,0,1,0,Legitimate
0,-1,0,0,0,-1,0,1,0,Suspicious
1,0,1,0,-1,0,1,1,0,Phishing
-1,-1,0,-1,-1,0,0,1,0,Legitimate
-1,0,-1,1,-1,1,-1,-1,0,Legitimate
1,0,-1,0,-1,0,1,-1,1,Phishing
1,-1,1,1,0,1,1,-1,0,Phishing
1,-1,-1,1,1,1,0,-1,0,Legitimate
1,1,1,-1,-1,-1,0,1,0,Phishing
-1,-1,1,-1,0,1,0,-1,0,Legitimate
1,0,1,-1,-1,1,1,-1,1,Suspicious
1,1,1,1,1,0,1,1,0,Phishing
1,-1,0,-1,-1,1,-1,-1,0,Legitimate
-1,-1,0,-1,-1,1,0,-1,0,Legitimate
0,-1,1,0,1,1,-1,-1,0,Legitimate
1,-1,1,0,1,0,-1,-1,0,Phishing
1,0,1,1,1,0,0,-1,0,Phishing
-1,-1,-1,-1,-1,1,0,-1,0,Legitimate
-1,0,0,-1,-1,1,-1,-1,0,Legitimate
1,0,-1,1,1,1,-1,-1,0,Phishing
0,0,1,0,1,1,0,-1,0,Legitimate
1,0,1,1,1,-1,0,1,0,Phishing
-1,-1,1,-1,-1,-1,-1,1,0,Legitimate
1,0,1,0,-1,1,-1,-1,0,Phishing
1,0,-1,1,1,1,-1,-1,0,Phishing
-1,-1,-1,-1,-1,0,-1,1,0,Legitimate
1,1,1,-1,1,1,1,-1,0,Phishing
1,-1,0,-1,1,-1,0,1,0,Phishing
-1,-1,1,-1,1,1,0,1,0,Legitimate
0,0,-1,0,0,0,1,-1,1,Legitimate
1,-1,0,1,1,-1,0,1,0,Phishing
1,0,1,-1,-1,0,0,1,0,Phishing
1,-1,0,-1,-1,0,0,1,0,Legitimate
1,0,1,0,-1,-1,0,1,0,Phishing
-1,0,-1,-1,-1,-1,-1,1,0,Legitimate
-1,-1,0,-1,-1,0,0,1,0,Legitimate
-1,1,1,-1,1,-1,0,1,0,Suspicious
1,0,1,0,-1,0,-1,1,0,Phishing
1,-1,1,-1,1,-1,1,1,0,Phishing
1,-1,1,1,1,1,1,-1,0,Legitimate
1,0,1,-1,0,0,-1,1,0,Suspicious
1,0,-1,1,1,1,1,-1,1,Phishing
1,0,0,1,1,0,0,1,0,Legitimate
-1,-1,0,0,-1,0,1,-1,1,Legitimate
1,0,1,-1,-1,0,-1,1,0,Phishing
1,0,1,0,0,-1,0,1,1,Phishing
1,0,1,1,1,-1,-1,1,0,Phishing
-1,0,-1,-1,1,0,-1,-1,0,Legitimate
1,0,-1,-1,1,1,0,1,0,Phishing
1,-1,1,-1,-1,0,-1,-1,0,Legitimate
1,0,1,-1,-1,-1,-1,1,0,Phishing
1,-1,0,0,-1,1,-1,-1,0,Legitimate
1,0,1,1,1,1,-1,-1,0,Phishing
1,1,1,1,1,0,1,1,0,Phishing
1,0,1,0,-1,-1,-1,1,0,Phishing
0,-1,0,0,0,-1,0,1,0,Suspicious
1,-1,1,1,0,-1,-1,1,0,Phishing
-1,-1,0,-1,-1,0,0,1,0,Legitimate
1,-1,1,0,-1,0,1,1,0,Phishing
1,1,1,-1,1,-1,-1,1,0,Phishing
1,0,1,0,-1,0,-1,1,0,Phishing
-1,-1,0,1,1,0,-1,1,0,Legitimate
-1,0,-1,1,1,0,0,-1,0,Legitimate
1,1,1,0,-1,1,-1,-1,0,Phishing
-1,0,-1,-1,-1,0,0,-1,0,Legitimate
1,-1,-1,1,1,1,-1,-1,0,Legitimate
-1,-1,1,-1,-1,1,-1,1,0,Legitimate
1,0,1,-1,-1,0,1,-1,0,Suspicious
1,0,1,1,0,0,0,-1,0,Phishing
0,0,-1,0,1,1,0,-1,0,Legitimate
1,0,1,-1,-1,1,-1,-1,0,Legitimate
-1,-1,1,0,-1,0,0,-1,0,Legitimate
1,-1,1,0,-1,-1,1,1,0,Phishing
0,-1,-1,0,1,1,-1,-1,0,Legitimate
1,1,1,-1,-1,1,1,-1,0,Suspicious
1,0,1,-1,1,-1,1,1,0,Phishing
1,0,1,1,1,0,-1,1,0,Phishing
1,1,1,1,1,1,0,-1,0,Phishing
0,-1,0,0,1,-1,0,1,0,Legitimate
1,1,1,-1,-1,-1,1,1,0,Suspicious
1,-1,0,1,1,0,-1,1,0,Legitimate
1,0,1,1,1,0,0,-1,0,Phishing
-1,0,-1,-1,-1,0,-1,-1,0,Legitimate
-1,-1,-1,0,-1,1,-1,-1,0,Legitimate
-1,-1,-1,0,-1,0,0,1,0,Legitimate
-1,-1,1,0,-1,1,-1,-1,0,Phishing
-1,-1,-1,-1,-1,0,0,-1,0,Legitimate
1,-1,0,-1,-1,-1,-1,1,0,Phishing
1,0,1,1,1,-1,1,1,0,Phishing
-1,-1,1,-1,-1,1,-1,-1,0,Legitimate
-1,-1,-1,-1,-1,1,0,-1,0,Legitimate
1,0,0,1,1,0,0,1,0,Phishing
1,0,-1,-1,1,-1,1,1,0,Suspicious
1,0,-1,1,1,-1,0,1,0,Phishing
-1,-1,0,-1,-1,1,-1,-1,0,Legitimate
1,0,-1,1,1,1,-1,-1,0,Legitimate
-1,-1,-1,-1,-1,-1,0,1,0,Legitimate
-1,0,-1,0,-1,0,1,-1,0,Phishing
0,-1,-1,0,0,0,0,1,0,Legitimate
0,0,0,0,0,-1,0,1,0,Suspicious
-1,0,1,1,1,-1,0,1,1,Phishing
1,1,1,-1,1,1,1,-1,0,Phishing
1,-1,0,-1,-1,0,-1,-1,0,Legitimate
-1,-1,0,-1,-1,-1,1,1,0,Suspicious
-1,0,0,0,-1,0,0,1,0,Legitimate
0,0,0,0,0,1,0,-1,0,Suspicious
-1,0,0,-1,-1,1,-1,-1,0,Legitimate
1,0,0,1,1,-1,0,1,0,Phishing
1,0,1,-1,-1,0,1,1,0,Suspicious
1,0,1,1,1,1,1,1,0,Phishing
1,1,1,-1,1,1,1,-1,0,Phishing
-1,-1,-1,0,-1,1,1,-1,1,Legitimate
1,0,1,1,1,-1,0,1,0,Phishing
-1,-1,0,0,-1,1,-1,-1,0,Legitimate
-1,0,-1,-1,-1,1,-1,-1,0,Legitimate
1,0,1,-1,1,-1,0,1,1,Phishing
-1,-1,1,1,-1,1,-1,-1,0,Legitimate
-1,-1,0,-1,1,-1,1,1,0,Phishing
-1,0,-1,-1,-1,0,-1,1,0,Legitimate
0,0,0,0,1,1,0,1,0,Legitimate
1,0,1,1,1,0,-1,-1,0,Phishing
-1,0,-1,-1,-1,1,0,-1,0,Legitimate
1,1,1,-1,1,0,1,1,0,Phishing
1,1,1,1,0,0,1,1,0,Phishing
1,0,0,1,1,0,0,1,0,Phishing
-1,-1,1,-1,-1,-1,1,1,0,Suspicious
1,0,1,0,-1,0,1,1,0,Phishing
1,1,1,-1,1,-1,0,1,0,Phishing
1,0,1,0,0,0,1,1,1,Phishing
0,-1,-1,0,1,0,0,1,0,Legitimate
1,1,1,-1,1,0,1,-1,0,Phishing
1,-1,1,-1,-1,-1,1,1,0,Suspicious
1,0,0,1,1,1,-1,-1,0,Phishing
1,1,1,0,0,0,0,1,0,Phishing
1,0,1,-1,1,-1,1,1,0,Phishing
-1,-1,-1,0,-1,0,1,-1,0,Legitimate
1,0,1,-1,-1,-1,1,1,1,Suspicious
1,1,-1,-1,1,1,1,1,0,Suspicious
1,0,1,-1,1,0,-1,1,0,Phishing
-1,0,1,-1,0,-1,1,1,0,Phishing
-1,-1,0,-1,-1,0,-1,1,0,Legitimate
1,0,1,-1,1,0,1,-1,0,Phishing
-1,-1,1,-1,-1,0,0,1,0,Legitimate
-1,-1,-1,-1,1,1,0,-1,0,Legitimate
1,0,1,-1,-1,-1,0,1,0,Phishing
-1,-1,-1,-1,-1,-1,-1,1,0,Legitimate
1,1,1,-1,1,-1,0,1,0,Phishing
-1,-1,0,0,-1,1,-1,1,0,Legitimate
0,-1,1,0,1,0,-1,-1,0,Legitimate
-1,0,1,-1,1,1,1,-1,1,Legitimate
1,0,1,1,1,0,1,1,0,Phishing
1,1,1,-1,1,-1,1,1,0,Phishing
1,1,-1,1,1,0,1,1,0,Phishing
1,0,1,-1,1,0,1,1,0,Phishing
1,0,1,1,1,1,1,-1,0,Phishing
-1,-1,1,-1,-1,0,0,1,0,Legitimate
1,0,1,1,1,1,0,1,0,Phishing
0,0,-1,0,1,1,-1,-1,0,Legitimate
1,0,1,1,1,0,-1,-1,1,Phishing
1,0,-1,1,1,1,0,-1,0,Phishing
1,0,1,0,-1,0,1,-1,0,Phishing
1,0,1,-1,1,-1,0,1,0,Phishing
1,0,1,-1,-1,-1,1,1,0,Suspicious
1,0,0,1,1,-1,0,1,0,Phishing
-1,-1,1,-1,-1,-1,1,1,0,Suspicious
1,0,-1,-1,-1,1,-1,-1,0,Legitimate
1,-1,1,1,1,0,1,1,0,Phishing
-1,0,-1,-1,-1,0,0,-1,0,Legitimate
1,0,1,-1,1,-1,0,1,0,Phishing
0,-1,0,0,1,1,0,-1,0,Legitimate
0,0,-1,0,1,-1,-1,1,0,Legitimate
1,0,-1,1,1,1,0,-1,0,Phishing
1,0,1,1,1,1,1,-1,0,Phishing
1,0,1,-1,-1,0,0,1,1,Phishing
1,0,-1,1,1,1,0,-1,0,Legitimate
-1,-1,-1,-1,1,1,-1,-1,0,Legitimate
1,0,0,0,-1,1,0,-1,0,Phishing
1,0,1,0,0,1,1,-1,1,Phishing
-1,-1,-1,-1,-1,0,-1,1,0,Legitimate
0,0,-1,0,1,0,0,1,0,Legitimate
1,1,1,-1,-1,-1,1,1,1,Suspicious
-1,-1,0,0,-1,1,-1,-1,0,Legitimate
1,0,1,1,1,1,-1,-1,0,Phishing
1,0,0,0,-1,-1,0,1,0,Phishing
1,0,1,1,1,1,0,-1,0,Phishing
-1,1,0,0,-1,0,-1,1,0,Phishing
1,0,-1,-1,1,1,-1,-1,0,Phishing
1,0,1,-1,1,-1,-1,1,1,Phishing
1,1,1,-1,1,-1,-1,1,1,Phishing
-1,0,-1,-1,-1,-1,0,1,0,Legitimate
-1,-1,-1,-1,1,1,-1,-1,0,Legitimate
-1,0,1,-1,0,1,-1,1,0,Legitimate
1,1,1,1,1,0,0,1,0,Phishing
-1,1,1,0,-1,0,1,-1,0,Phishing
1,0,1,-1,1,0,-1,-1,0,Phishing
1,0,1,-1,1,0,0,1,1,Phishing
-1,0,1,-1,0,1,0,1,0,Legitimate
1,0,1,-1,1,-1,1,1,1,Phishing
-1,0,1,0,-1,-1,0,1,0,Phishing
-1,0,-1,0,-1,1,0,-1,0,Legitimate
0,-1,-1,0,1,-1,-1,1,0,Legitimate
1,1,1,0,-1,-1,1,1,0,Phishing
1,0,1,0,-1,0,0,1,0,Phishing
-1,-1,1,1,1,1,-1,-1,0,Legitimate
1,-1,1,1,1,-1,1,1,0,Phishing
1,0,-1,-1,-1,0,0,-1,0,Phishing
1,-1,0,-1,-1,1,-1,-1,0,Legitimate
1,1,1,-1,-1,-1,1,1,1,Suspicious
-1,1,1,0,0,-1,0,1,0,Phishing
-1,-1,0,-1,-1,1,-1,-1,0,Legitimate
0,0,0,0,0,-1,0,1,0,Suspicious
1,1,1,-1,1,0,1,1,0,Phishing
-1,0,-1,-1,-1,1,0,-1,0,Legitimate
1,0,1,-1,-1,-1,0,1,1,Phishing
-1,-1,1,1,1,1,1,-1,0,Legitimate
-1,-1,0,1,1,1,-1,-1,0,Legitimate
-1,0,-1,-1,1,-1,-1,1,0,Legitimate
-1,0,-1,0,-1,0,1,1,1,Legitimate
-1,-1,-1,-1,-1,1,-1,-1,0,Legitimate
1,0,1,-1,-1,1,1,-1,0,Suspicious
1,0,1,0,-1,-1,1,1,0,Phishing
-1,-1,0,0,1,1,0,-1,0,Legitimate
-1,1,-1,1,1,-1,0,1,0,Phishing
1,1,0,0,-1,-1,-1,1,0,Phishing
-1,-1,1,-1,-1,1,0,1,0,Legitimate
0,0,-1,0,1,1,0,-1,0,Legitimate
1,0,1,0,-1,-1,-1,1,1,Phishing
0,-1,0,0,1,1,0,-1,0,Legitimate
0,0,-1,0,1,0,0,1,0,Legitimate
1,1,1,1,1,1,-1,-1,0,Phishing
-1,-1,0,-1,0,1,-1,-1,0,Legitimate
-1,0,-1,1,1,1,-1,-1,0,Legitimate
1,0,1,-1,1,-1,0,1,1,Phishing
1,0,0,1,-1,0,-1,1,0,Legitimate
-1,0,1,0,0,1,0,1,0,Phishing
-1,-1,0,0,-1,1,0,-1,0,Legitimate
-1,-1,1,-1,1,1,1,-1,0,Suspicious
0,-1,1,0,1,0,0,1,0,Legitimate
1,-1,1,-1,1,-1,0,1,0,Phishing
-1,-1,-1,-1,-1,0,0,-1,0,Legitimate
1,0,1,-1,1,1,0,1,0,Phishing
1,-1,0,1,1,-1,1,1,0,Phishing
-1,-1,0,-1,0,1,-1,-1,0,Legitimate
-1,0,1,-1,1,0,1,-1,1,Legitimate
-1,-1,0,-1,-1,0,0,1,0,Legitimate
1,0,-1,-1,1,0,1,1,0,Phishing
-1,-1,-1,1,1,1,-1,-1,0,Legitimate
-1,0,-1,1,1,1,1,-1,0,Legitimate
1,-1,0,-1,-1,1,-1,-1,0,Legitimate
-1,0,0,-1,-1,0,-1,1,0,Legitimate
1,-1,0,-1,-1,0,1,-1,0,Legitimate
1,0,1,1,1,1,0,-1,0,Phishing
1,0,1,0,0,0,0,1,1,Phishing
-1,0,1,0,-1,-1,0,1,0,Phishing
-1,-1,-1,0,-1,1,0,-1,0,Legitimate
1,1,1,0,-1,0,1,-1,0,Phishing
1,-1,0,-1,-1,0,0,-1,0,Legitimate
1,0,1,-1,1,-1,0,1,0,Phishing
-1,-1,0,-1,-1,-1,0,1,0,Suspicious
0,0,-1,0,1,1,0,-1,0,Legitimate
0,-1,-1,0,1,0,0,-1,0,Legitimate
1,0,1,-1,-1,1,1,-1,0,Phishing
1,0,1,-1,1,-1,0,1,1,Phishing
1,0,1,-1,1,0,-1,1,1,Phishing
0,0,0,0,1,0,0,-1,0,Legitimate
1,0,1,1,1,-1,-1,1,0,Phishing
1,0,1,0,-1,0,1,1,0,Phishing
-1,0,1,0,-1,0,-1,1,0,Phishing
-1,0,-1,-1,-1,1,0,-1,0,Legitimate
1,0,1,0,-1,0,0,1,0,Phishing
-1,0,-1,-1,-1,-1,0,1,0,Legitimate
1,1,-1,-1,-1,1,1,-1,0,Phishing
1,0,1,1,1,-1,0,1,0,Phishing
1,0,1,0,-1,1,1,-1,0,Phishing
-1,-1,0,-1,-1,1,-1,-1,0,Legitimate
1,1,1,-1,1,-1,0,1,0,Phishing
1,0,1,0,-1,0,0,1,0,Phishing
-1,-1,-1,0,-1,0,0,1,0,Legitimate
-1,-1,0,-1,1,-1,0,1,0,Legitimate
-1,0,1,0,0,-1,1,1,0,Phishing
1,1,1,-1,1,0,-1,1,1,Phishing
1,0,1,0,-1,1,-1,-1,0,Phishing
1,1,1,0,0,1,-1,-1,0,Phishing
1,1,1,1,1,-1,1,1,0,Phishing
-1,-1,1,-1,-1,0,0,-1,0,Legitimate
0,0,-1,0,1,-1,-1,1,0,Legitimate
1,1,1,1,1,-1,0,1,1,Phishing
-1,-1,1,-1,0,1,-1,-1,0,Phishing
1,1,1,-1,-1,-1,1,1,0,Suspicious
1,0,1,1,0,-1,1,1,0,Phishing
-1,-1,-1,1,-1,1,1,-1,1,Legitimate
-1,0,0,-1,-1,-1,0,1,0,Legitimate
0,-1,-1,0,1,-1,1,1,0,Legitimate
-1,1,1,0,0,1,0,-1,0,Phishing
0,0,-1,0,1,1,0,-1,0,Legitimate
-1,0,-1,-1,-1,0,1,-1,0,Legitimate
-1,-1,1,-1,-1,0,0,-1,0,Legitimate
1,0,1,-1,1,-1,0,1,0,Phishing
1,1,1,0,0,-1,0,1,0,Phishing
1,-1,1,-1,-1,0,-1,1,0,Phishing
-1,-1,1,1,-1,1,-1,1,0,Legitimate
-1,-1,1,-1,-1,1,-1,-1,0,Legitimate
-1,0,1,0,0,-1,0,1,0,Phishing
1,-1,0,-1,1,-1,1,1,0,Legitimate
1,-1,1,1,1,0,1,1,0,Phishing
1,0,1,0,-1,0,-1,1,0,Phishing
1,-1,1,-1,1,-1,0,1,0,Phishing
1,-1,0,0,1,-1,-1,1,0,Legitimate
1,0,1,1,1,0,0,-1,0,Phishing
-1,-1,-1,-1,-1,0,1,-1,0,Legitimate
-1,-1,1,-1,0,0,-1,-1,0,Legitimate
1,0,1,0,-1,0,0,1,0,Phishing
0,-1,-1,0,0,-1,0,1,0,Legitimate
1,0,1,-1,1,0,-1,-1,0,Phishing
-1,0,-1,-1,-1,1,0,-1,0,Legitimate
-1,0,-1,-1,1,0,-1,-1,0,Legitimate
-1,0,-1,0,-1,1,-1,-1,0,Legitimate
1,0,1,-1,1,0,1,-1,0,Phishing
-1,-1,0,1,1,-1,1,1,0,Legitimate
1,0,1,1,0,0,1,1,0,Phishing
1,1,1,0,-1,0,-1,1,1,Phishing
1,0,1,-1,-1,0,0,-1,0,Phishing
1,1,1,0,0,1,1,-1,0,Phishing
1,-1,0,-1,1,-1,0,1,0,Legitimate
-1,-1,0,-1,-1,0,0,1,0,Legitimate
-1,-1,-1,-1,-1,1,0,1,0,Legitimate
-1,0,0,-1,-1,0,0,1,0,Legitimate
1,-1,1,-1,1,0,-1,1,0,Legitimate
1,0,0,1,-1,-1,0,1,0,Phishing
1,-1,0,-1,-1,0,-1,1,0,Legitimate
-1,-1,-1,-1,1,1,1,-1,0,Legitimate
1,-1,0,1,-1,-1,0,1,0,Phishing
-1,-1,0,0,-1,0,-1,1,0,Legitimate
-1,0,1,0,0,-1,0,1,1,Phishing
-1,-1,0,-1,-1,1,0,1,0,Legitimate
1,0,1,0,-1,1,1,-1,0,Phishing
1,0,1,1,0,1,1,-1,1,Phishing
0,0,-1,0,1,0,0,1,0,Legitimate
1,0,1,0,-1,1,0,-1,0,Phishing
1,-1,1,-1,1,0,0,1,0,Phishing
-1,0,0,0,-1,0,-1,1,0,Legitimate
-1,-1,0,-1,-1,0,-1,-1,0,Legitimate
-1,-1,-1,0,-1,-1,0,1,0,Legitimate
1,-1,1,0,-1,-1,1,1,0,Phishing
1,1,1,1,1,1,1,-1,0,Phishing
1,1,-1,-1,1,-1,0,1,0,Phishing
1,-1,1,0,1,0,-1,1,0,Legitimate
-1,-1,0,0,-1,1,-1,-1,0,Legitimate
1,0,1,-1,1,0,1,1,0,Phishing
0,-1,-1,0,1,1,0,-1,0,Legitimate
1,-1,1,-1,0,1,-1,-1,0,Suspicious
0,-1,-1,0,1,-1,0,1,0,Legitimate
1,1,-1,1,1,-1,0,1,0,Phishing
-1,-1,1,0,1,1,1,-1,0,Legitimate
1,0,1,0,-1,1,1,-1,0,Phishing
-1,0,-1,-1,-1,0,0,-1,0,Legitimate
0,-1,-1,0,1,0,0,1,0,Legitimate
-1,0,0,-1,-1,-1,-1,1,0,Suspicious
-1,-1,-1,-1,-1,0,-1,1,0,Legitimate
1,0,-1,0,0,1,-1,-1,0,Phishing
1,1,1,1,1,-1,1,1,1,Phishing
-1,-1,-1,-1,-1,-1,-1,1,0,Legitimate
1,0,1,1,1,0,0,1,0,Phishing
-1,0,-1,0,-1,0,1,1,0,Legitimate
-1,0,-1,1,1,-1,1,1,0,Phishing
1,1,1,0,0,-1,1,1,1,Phishing
-1,0,-1,-1,1,1,0,-1,0,Legitimate
1,0,-1,-1,-1,1,0,-1,0,Phishing
0,0,-1,0,0,1,-1,-1,0,Legitimate
1,-1,0,0,-1,1,-1,1,0,Legitimate
-1,-1,-1,-1,1,1,0,-1,0,Legitimate
1,1,1,-1,-1,1,1,-1,0,Phishing
0,-1,-1,0,0,0,0,1,0,Legitimate
1,0,1,-1,1,0,-1,1,1,Phishing
-1,-1,-1,0,-1,1,0,1,0,Legitimate
0,-1,-1,0,0,0,0,-1,0,Legitimate
-1,0,-1,-1,-1,0,0,1,0,Legitimate
1,0,1,-1,1,-1,1,1,0,Phishing
1,-1,-1,-1,1,1,-1,-1,0,Phishing
1,0,1,0,-1,0,0,1,0,Phishing
-1,-1,-1,0,-1,-1,0,1,0,Legitimate
1,1,1,-1,1,1,1,-1,0,Phishing
-1,-1,-1,-1,-1,1,0,-1,0,Legitimate
-1,-1,-1,-1,-1,0,0,-1,0,Legitimate
1,-1,1,1,1,-1,0,1,0,Phishing
-1,0,0,0,-1,1,-1,-1,0,Legitimate
1,-1,0,0,1,-1,0,1,0,Phishing
1,1,-1,-1,1,1,1,-1,0,Suspicious
1,0,1,-1,1,-1,1,1,0,Phishing
1,1,1,0,0,-1,0,1,1,Phishing
-1,-1,1,-1,-1,0,1,1,1,Legitimate
1,0,1,0,-1,1,1,-1,0,Phishing
1,1,0,0,-1,0,-1,1,0,Phishing
1,0,1,1,0,-1,1,1,0,Phishing
1,0,1,-1,1,0,0,1,0,Phishing
-1,-1,1,-1,-1,1,-1,-1,0,Legitimate
1,1,1,-1,-1,0,0,1,0,Phishing
1,0,1,1,1,0,1,1,0,Phishing
-1,0,0,-1,-1,-1,0,1,0,Suspicious
1,-1,1,-1,-1,0,-1,1,0,Legitimate
-1,-1,-1,0,-1,1,0,-1,0,Legitimate
1,0,-1,-1,1,1,1,-1,0,Suspicious
1,0,1,0,-1,0,0,1,0,Phishing
1,0,-1,-1,1,0,1,1,0,Suspicious
1,1,1,0,0,-1,0,1,0,Phishing
1,-1,1,1,1,-1,1,1,0,Phishing
-1,-1,0,-1,-1,0,0,-1,0,Legitimate
-1,0,0,0,-1,1,-1,-1,0,Legitimate
-1,0,-1,-1,-1,0,-1,-1,0,Legitimate
-1,-1,1,-1,-1,-1,-1,1,0,Legitimate
-1,-1,1,-1,1,1,0,1,0,Suspicious
0,-1,-1,0,1,1,1,-1,1,Legitimate
-1,-1,1,0,-1,-1,0,1,0,Legitimate
-1,0,1,-1,0,0,-1,1,0,Legitimate
1,-1,1,0,-1,1,1,-1,0,Phishing
1,1,1,-1,-1,0,-1,1,0,Phishing
-1,0,1,0,-1,0,1,1,1,Legitimate
0,0,-1,0,1,0,1,-1,1,Legitimate
0,0,-1,0,1,-1,0,1,0,Legitimate
-1,-1,-1,-1,-1,0,0,1,0,Legitimate
1,0,1,-1,-1,-1,1,1,0,Suspicious
-1,0,-1,-1,-1,1,0,-1,0,Legitimate
1,0,0,1,1,-1,-1,1,0,Phishing
-1,-1,1,-1,-1,0,1,1,0,Suspicious
-1,0,1,-1,-1,0,-1,-1,0,Legitimate
-1,-1,-1,-1,-1,0,0,-1,0,Legitimate
1,0,1,0,0,0,-1,1,0,Phishing
-1,-1,-1,-1,-1,0,0,1,0,Legitimate
1,-1,1,0,-1,-1,0,1,0,Phishing
1,-1,1,-1,-1,1,-1,-1,0,Legitimate
-1,-1,1,-1,1,1,0,-1,0,Suspicious
-1,-1,-1,-1,-1,1,0,-1,0,Legitimate
-1,-1,-1,0,-1,-1,1,1,1,Legitimate
1,1,1,-1,-1,-1,0,1,0,Phishing
1,0,1,1,0,-1,-1,1,1,Phishing
-1,-1,1,-1,-1,0,-1,1,0,Legitimate
1,1,1,0,-1,1,-1,-1,0,Phishing
1,0,1,1,1,0,1,1,0,Phishing
-1,-1,-1,0,-1,-1,1,1,1,Legitimate
0,0,-1,0,0,-1,0,1,0,Legitimate
1,0,1,-1,-1,0,0,1,0,Phishing
1,0,1,0,-1,0,0,1,0,Phishing
1,0,-1,0,-1,1,0,-1,0,Phishing
1,-1,0,-1,-1,0,-1,-1,0,Legitimate
-1,0,-1,0,-1,0,0,1,0,Legitimate
-1,-1,1,-1,-1,-1,0,1,0,Legitimate
-1,0,1,1,0,1,-1,-1,0,Phishing
1,0,1,-1,-1,-1,0,1,0,Phishing
1,0,1,0,0,-1,0,1,0,Phishing
-1,-1,0,-1,-1,1,0,-1,0,Legitimate
-1,-1,-1,-1,-1,0,1,-1,1,Legitimate
1,0,1,-1,1,0,1,1,0,Phishing
0,0,-1,0,1,0,-1,-1,0,Legitimate
0,0,1,0,0,-1,1,1,1,Legitimate
1,-1,1,-1,-1,1,1,-1,0,Suspicious
-1,-1,1,-1,1,1,0,-1,0,Suspicious
-1,-1,1,0,1,1,1,-1,0,Legitimate
1,0,1,0,-1,-1,-1,1,1,Phishing
1,0,1,0,-1,0,0,1,0,Phishing
1,0,1,-1,1,0,1,-1,0,Phishing
1,0,1,-1,1,-1,0,1,0,Phishing
1,-1,1,-1,1,1,1,-1,0,Phishing
0,-1,0,0,1,1,0,-1,0,Legitimate
1,1,1,-1,1,-1,0,1,0,Phishing
1,0,1,-1,1,-1,0,1,0,Phishing
1,1,1,1,1,-1,-1,1,0,Phishing
1,-1,0,0,-1,1,-1,-1,0,Legitimate
-1,-1,1,-1,0,1,-1,-1,0,Legitimate
-1,-1,1,0,-1,-1,1,1,1,Legitimate
-1,-1,0,-1,-1,0,-1,1,0,Phishing
1,0,1,0,-1,1,1,-1,0,Phishing
-1,-1,1,-1,0,0,-1,1,0,Legitimate
-1,0,1,-1,-1,0,-1,1,0,Legitimate
-1,0,0,-1,-1,1,-1,-1,0,Legitimate
1,-1,0,1,1,-1,-1,1,1,Legitimate
1,-1,-1,-1,1,-1,1,1,0,Suspicious
-1,-1,-1,0,-1,0,0,1,0,Legitimate
1,0,1,1,1,0,0,-1,0,Phishing
0,-1,0,0,1,0,0,1,0,Legitimate
1,-1,0,1,1,0,1,1,0,Legitimate
-1,-1,1,-1,-1,0,-1,-1,0,Phishing
1,-1,0,0,0,-1,1,1,0,Phishing
1,0,1,0,-1,-1,-1,1,1,Phishing
1,0,1,1,0,-1,-1,1,1,Phishing
-1,-1,-1,-1,-1,0,1,1,0,Legitimate
-1,1,1,1,1,-1,0,1,1,Phishing
1,0,0,1,1,1,0,-1,0,Phishing
1,0,1,-1,-1,-1,1,1,0,Phishing
1,1,1,1,0,1,1,-1,0,Phishing
-1,-1,1,-1,1,1,-1,-1,0,Suspicious
1,0,1,0,-1,-1,0,1,0,Phishing
1,0,1,1,1,0,0,-1,0,Phishing
1,1,1,-1,1,0,-1,1,0,Phishing
1,0,1,0,-1,-1,1,1,0,Phishing
-1,-1,-1,-1,-1,0,-1,1,0,Legitimate
1,1,1,1,1,-1,0,1,0,Phishing
1,0,1,1,0,-1,0,1,0,Phishing
1,0,1,1,1,-1,0,1,0,Phishing
-1,0,-1,-1,-1,0,-1,-1,0,Legitimate
0,0,-1,0,1,1,1,-1,0,Legitimate
1,0,1,-1,1,1,0,-1,0,Phishing
1,-1,0,1,0,0,-1,-1,0,Phishing
-1,0,1,0,-1,0,0,1,0,Phishing
-1,-1,1,-1,-1,0,0,1,0,Legitimate
1,0,1,-1,1,-1,1,1,1,Phishing
1,-1,0,1,1,-1,-1,1,1,Phishing
1,0,1,1,1,-1,0,1,1,Phishing
1,0,1,0,-1,0,0,-1,0,Phishing
-1,-1,1,0,-1,0,0,1,0,Legitimate
-1,-1,0,-1,-1,0,-1,-1,0,Legitimate
1,1,1,-1,-1,0,0,1,1,Phishing
-1,0,-1,-1,-1,1,1,-1,1,Legitimate
1,0,-1,1,1,0,1,1,0,Phishing
1,0,1,-1,1,-1,0,1,0,Phishing
-1,-1,0,0,-1,-1,-1,1,0,Suspicious
1,1,1,-1,-1,1,1,-1,0,Suspicious
1,0,1,1,1,-1,-1,1,0,Phishing
0,-1,0,0,0,0,-1,1,0,Suspicious
-1,-1,-1,0,-1,0,1,1,0,Legitimate
-1,-1,1,0,-1,0,1,1,0,Legitimate
1,0,-1,1,1,1,1,-1,0,Phishing
1,0,1,-1,1,0,1,-1,0,Phishing
0,-1,-1,0,1,-1,-1,1,0,Legitimate
1,0,1,-1,1,-1,-1,1,0,Phishing
1,0,1,-1,-1,0,1,1,0,Suspicious
1,1,1,-1,1,-1,0,1,0,Phishing
1,0,1,-1,-1,-1,1,1,1,Suspicious
-1,-1,1,-1,-1,-1,1,1,0,Suspicious
-1,-1,-1,0,1,0,1,1,1,Legitimate
1,0,1,-1,1,-1,1,1,0,Phishing
-1,0,-1,-1,1,1,-1,-1,0,Legitimate
0,-1,0,0,1,1,1,-1,1,Legitimate
1,1,-1,1,1,0,0,1,0,Phishing
1,-1,0,1,1,-1,1,1,0,Legitimate
1,0,1,0,-1,-1,1,1,0,Phishing
1,1,-1,1,1,1,-1,-1,0,Phishing
1,0,-1,-1,-1,1,1,1,0,Phishing
-1,0,1,1,1,-1,1,1,0,Phishing
1,0,0,0,-1,-1,-1,1,0,Phishing
1,-1,0,-1,-1,-1,-1,1,0,Legitimate
-1,-1,0,-1,-1,1,0,-1,0,Legitimate
1,0,1,0,-1,-1,1,1,0,Phishing
1,0,1,-1,1,0,0,1,1,Phishing
-1,-1,-1,0,-1,0,0,1,0,Legitimate
-1,-1,0,-1,-1,1,0,-1,0,Legitimate
1,1,1,-1,1,-1,-1,1,0,Phishing
-1,-1,1,-1,-1,1,-1,-1,0,Legitimate
0,-1,-1,0,1,0,0,1,0,Legitimate
1,0,-1,1,1,-1,0,1,0,Phishing
1,0,1,1,1,1,1,-1,0,Phishing
-1,0,0,0,-1,-1,-1,1,0,Suspicious
1,-1,0,-1,-1,1,0,-1,0,Legitimate
-1,0,1,-1,-1,1,-1,-1,0,Legitimate
0,-1,1,0,0,-1,-1,1,0,Legitimate
1,1,-1,1,1,-1,1,1,0,Phishing
1,-1,1,1,1,1,1,-1,0,Phishing
1,0,1,-1,1,0,1,1,1,Phishing
0,0,-1,0,0,1,1,-1,0,Legitimate
1,0,-1,0,-1,1,0,-1,0,Phishing
0,-1,1,0,1,1,-1,-1,0,Legitimate
-1,-1,0,-1,-1,0,0,-1,0,Legitimate
-1,0,1,0,-1,1,-1,-1,0,Legitimate
0,0,-1,0,0,1,0,-1,0,Legitimate
1,0,1,0,-1,0,1,1,0,Phishing
-1,0,-1,-1,1,1,-1,1,0,Legitimate
1,0,1,0,-1,0,0,1,0,Phishing
-1,0,1,-1,-1,1,0,1,0,Phishing
1,1,-1,1,1,1,1,-1,0,Phishing
0,0,0,0,1,0,0,-1,0,Legitimate
-1,0,1,-1,1,0,-1,1,0,Suspicious
1,1,0,0,-1,-1,-1,1,0,Phishing
1,0,1,1,1,-1,0,1,0,Phishing
-1,-1,-1,-1,-1,-1,0,1,0,Legitimate
-1,0,1,0,-1,0,0,1,0,Phishing
-1,0,-1,-1,-1,0,-1,-1,0,Legitimate
0,0,1,0,0,0,-1,1,0,Legitimate
1,0,1,1,1,0,-1,-1,0,Phishing
